  2.9000000000000000e+003  1.2540000000000000e-005
  2.9050000000000000e+003  2.3230000000000000e-005
  2.9100000000000000e+003  3.5750000000000002e-005
  2.9150000000000000e+003  5.7170000000000003e-005
  2.9200000000000000e+003  9.3280000000000001e-005
  2.9250000000000000e+003  1.3893000000000000e-004
  2.9300000000000000e+003  2.1212999999999999e-004
  2.9350000000000000e+003  3.3032000000000000e-004
  2.9400000000000000e+003  4.8068999999999998e-004
  2.9450000000000000e+003  7.0795999999999999e-004
  2.9500000000000000e+003  1.1368699999999999e-003
  2.9550000000000000e+003  1.8521300000000000e-003
  2.9600000000000000e+003  2.5451499999999999e-003
  2.9650000000000000e+003  2.8878699999999998e-003
  2.9700000000000000e+003  4.0209599999999996e-003
  2.9750000000000000e+003  6.2490499999999999e-003
  2.9800000000000000e+003  7.2598999999999997e-003
  2.9850000000000000e+003  8.4121500000000002e-003
  2.9900000000000000e+003  1.1970740000000001e-002
  2.9950000000000000e+003  1.4449270000000000e-002
  3.0000000000000000e+003  1.5407340000000000e-002
  3.0050000000000000e+003  1.9204769999999999e-002
  3.0100000000000000e+003  2.6050500000000001e-002
  3.0150000000000000e+003  2.9332660000000000e-002
  3.0200000000000000e+003  3.1801280000000001e-002
  3.0250000000000000e+003  4.5643679999999999e-002
  3.0300000000000000e+003  6.4589400000000005e-002
  3.0350000000000000e+003  7.2833239999999994e-002
  3.0400000000000000e+003  7.5244300000000000e-002
  3.0450000000000000e+003  8.8036799999999998e-002
  3.0500000000000000e+003  1.0422375000000000e-001
  3.0550000000000000e+003  1.0752800000000000e-001
  3.0600000000000000e+003  1.0720543000000000e-001
  3.0650000000000000e+003  1.2117165000000001e-001
  3.0700000000000000e+003  1.4586903000000001e-001
  3.0750000000000000e+003  1.6409059000000001e-001
  3.0800000000000000e+003  1.7587660999999999e-001
  3.0850000000000000e+003  1.7670422000000000e-001
  3.0900000000000000e+003  1.6483210000000001e-001
  3.0950000000000000e+003  1.5843731000000000e-001
  3.1000000000000000e+003  1.8031788000000001e-001
  3.1050000000000000e+003  2.4079784000000001e-001
  3.1100000000000000e+003  2.8809823000000001e-001
  3.1150000000000000e+003  2.8428634000000003e-001
  3.1200000000000000e+003  2.7367000000000002e-001
  3.1250000000000000e+003  2.9025690999999998e-001
  3.1300000000000000e+003  3.0771062999999998e-001
  3.1350000000000000e+003  3.2482548000000000e-001
  3.1400000000000000e+003  3.3205984000000000e-001
  3.1450000000000000e+003  3.2795481999999998e-001
  3.1500000000000000e+003  3.4441431000000000e-001
  3.1550000000000000e+003  3.2664502000000001e-001
  3.1600000000000000e+003  3.0077414000000002e-001
  3.1650000000000000e+003  3.5251650000000001e-001
  3.1700000000000000e+003  4.2939421999999999e-001
  3.1750000000000000e+003  4.3273676999999999e-001
  3.1800000000000000e+003  3.8514773000000002e-001
  3.1850000000000000e+003  3.9510109999999998e-001
  3.1900000000000000e+003  4.2442303999999997e-001
  3.1950000000000000e+003  4.3037343000000000e-001
  3.2000000000000000e+003  4.8134449000000001e-001
  3.2050000000000000e+003  5.1468599999999998e-001
  3.2100000000000000e+003  4.7048452000000002e-001
  3.2150000000000000e+003  4.5507243000000003e-001
  3.2200000000000000e+003  4.7298570000000001e-001
  3.2250000000000000e+003  4.4586107000000003e-001
  3.2300000000000000e+003  4.2747992000000001e-001
  3.2350000000000000e+003  4.6656697000000003e-001
  3.2400000000000000e+003  5.2273749999999997e-001
  3.2450000000000000e+003  5.4281449000000004e-001
  3.2500000000000000e+003  5.5641987000000004e-001
  3.2550000000000000e+003  6.3417900999999999e-001
  3.2600000000000000e+003  7.0972678000000000e-001
  3.2650000000000000e+003  7.1997069000000002e-001
  3.2700000000000000e+003  7.1290699000000002e-001
  3.2750000000000000e+003  6.9766415000000004e-001
  3.2800000000000000e+003  6.6543414000000001e-001
  3.2850000000000000e+003  6.6892147000000002e-001
  3.2900000000000000e+003  7.3830477000000005e-001
  3.2950000000000000e+003  8.2132179000000005e-001
  3.3000000000000000e+003  8.2275721999999996e-001
  3.3050000000000000e+003  7.5255384000000003e-001
  3.3100000000000000e+003  7.2128495000000004e-001
  3.3150000000000000e+003  7.3151622999999999e-001
  3.3200000000000000e+003  7.3860460999999999e-001
  3.3250000000000000e+003  7.3877060999999999e-001
  3.3300000000000000e+003  7.2223154000000001e-001
  3.3350000000000000e+003  6.9808437999999995e-001
  3.3400000000000000e+003  7.1914741000000004e-001
  3.3450000000000000e+003  7.5494388999999995e-001
  3.3500000000000000e+003  7.7825953000000003e-001
  3.3550000000000000e+003  7.5221024000000003e-001
  3.3600000000000000e+003  6.7131627999999999e-001
  3.3650000000000000e+003  6.3777386000000003e-001
  3.3700000000000000e+003  6.4216746000000002e-001
  3.3750000000000000e+003  6.7365355999999998e-001
  3.3800000000000000e+003  7.1194749000000002e-001
  3.3850000000000000e+003  7.4230107000000001e-001
  3.3900000000000000e+003  7.4978915999999995e-001
  3.3950000000000000e+003  7.7246988000000005e-001
  3.4000000000000000e+003  8.2590995000000000e-001
  3.4050000000000000e+003  8.0936363000000000e-001
  3.4100000000000000e+003  7.5158508000000002e-001
  3.4150000000000000e+003  7.4550397999999996e-001
  3.4200000000000000e+003  7.8727075000000002e-001
  3.4250000000000000e+003  8.1159106000000003e-001
  3.4300000000000000e+003  8.2412372000000000e-001
  3.4350000000000000e+003  7.6431167000000000e-001
  3.4400000000000000e+003  6.3626022999999998e-001
  3.4450000000000000e+003  6.3696575000000000e-001
  3.4500000000000000e+003  7.4961370000000005e-001
  3.4550000000000000e+003  7.7332714999999996e-001
  3.4600000000000000e+003  7.3516338000000003e-001
  3.4650000000000000e+003  7.7219040000000005e-001
  3.4700000000000000e+003  7.8330288999999997e-001
  3.4750000000000000e+003  7.3335287000000005e-001
  3.4800000000000000e+003  7.4605880000000002e-001
  3.4850000000000000e+003  7.5971767000000001e-001
  3.4900000000000000e+003  7.2262064999999998e-001
  3.4950000000000000e+003  7.4122074000000004e-001
  3.5000000000000000e+003  8.4093788000000003e-001
  3.5050000000000000e+003  8.8714134000000000e-001
  3.5100000000000000e+003  8.3665993999999999e-001
  3.5150000000000000e+003  8.1302951000000001e-001
  3.5200000000000000e+003  7.8941163999999997e-001
  3.5250000000000000e+003  7.4955779000000000e-001
  3.5300000000000000e+003  8.1143692999999995e-001
  3.5350000000000000e+003  8.9491637999999996e-001
  3.5400000000000000e+003  9.4207099000000005e-001
  3.5450000000000000e+003  9.4247037000000000e-001
  3.5500000000000000e+003  8.5725594000000005e-001
  3.5550000000000000e+003  8.2575491000000001e-001
  3.5600000000000000e+003  8.2806774000000005e-001
  3.5650000000000000e+003  7.2385261000000001e-001
  3.5700000000000000e+003  6.5633492999999998e-001
  3.5750000000000000e+003  6.7360987000000005e-001
  3.5800000000000000e+003  6.1088635999999996e-001
  3.5850000000000000e+003  5.7562219000000003e-001
  3.5900000000000000e+003  7.1491837000000003e-001
  3.5950000000000000e+003  8.8935081000000005e-001
  3.6000000000000000e+003  9.1464303999999996e-001
  3.6050000000000000e+003  8.0175289999999999e-001
  3.6100000000000000e+003  7.4667006000000002e-001
  3.6150000000000000e+003  7.6130840000000000e-001
  3.6200000000000000e+003  7.8571049999999998e-001
  3.6250000000000000e+003  8.2421098000000004e-001
  3.6300000000000000e+003  7.9329172000000003e-001
  3.6350000000000000e+003  7.8786895000000001e-001
  3.6400000000000000e+003  7.9940403999999998e-001
  3.6450000000000000e+003  7.2931372000000005e-001
  3.6500000000000000e+003  7.1251812999999997e-001
  3.6550000000000000e+003  7.8900144000000005e-001
  3.6600000000000000e+003  8.5458467999999999e-001
  3.6650000000000000e+003  8.9875590000000005e-001
  3.6700000000000000e+003  9.7849507999999996e-001
  3.6750000000000000e+003  1.0055801799999999e+000
  3.6800000000000000e+003  9.4792714000000000e-001
  3.6850000000000000e+003  9.3661715000000001e-001
  3.6900000000000000e+003  9.9055422999999998e-001
  3.6950000000000000e+003  1.0672668599999999e+000
  3.7000000000000000e+003  1.0599381699999999e+000
  3.7050000000000000e+003  9.4346085000000002e-001
  3.7100000000000000e+003  9.7239374000000001e-001
  3.7150000000000000e+003  1.0206923299999999e+000
  3.7200000000000000e+003  9.0925305999999995e-001
  3.7250000000000000e+003  9.0269728999999999e-001
  3.7300000000000000e+003  8.6070095999999996e-001
  3.7350000000000000e+003  7.5242909000000002e-001
  3.7400000000000000e+003  7.8467673000000004e-001
  3.7450000000000000e+003  7.6264781000000004e-001
  3.7500000000000000e+003  7.9733792999999997e-001
  3.7550000000000000e+003  9.3722647000000003e-001
  3.7600000000000000e+003  9.3724293999999997e-001
  3.7650000000000000e+003  9.1668835999999998e-001
  3.7700000000000000e+003  9.9276745000000000e-001
  3.7750000000000000e+003  1.1177910000000000e+000
  3.7800000000000000e+003  1.1994249400000001e+000
  3.7850000000000000e+003  1.1407039900000000e+000
  3.7900000000000000e+003  9.9633592999999998e-001
  3.7950000000000000e+003  9.0282801000000001e-001
  3.8000000000000000e+003  9.4619423000000002e-001
  3.8050000000000000e+003  1.0682538699999999e+000
  3.8100000000000000e+003  1.0649601399999999e+000
  3.8150000000000000e+003  9.1046749999999999e-001
  3.8200000000000000e+003  7.6716127000000001e-001
  3.8250000000000000e+003  6.7093077000000001e-001
  3.8300000000000000e+003  6.0910538999999997e-001
  3.8350000000000000e+003  5.9213477999999997e-001
  3.8400000000000000e+003  6.9175686999999997e-001
  3.8450000000000000e+003  8.6827255000000003e-001
  3.8500000000000000e+003  9.2685441000000002e-001
  3.8550000000000000e+003  8.5501786999999996e-001
  3.8600000000000000e+003  8.3900375000000005e-001
  3.8650000000000000e+003  8.8800897999999995e-001
  3.8700000000000000e+003  8.7989994000000005e-001
  3.8750000000000000e+003  8.7163617999999998e-001
  3.8800000000000000e+003  8.5862660999999996e-001
  3.8850000000000000e+003  8.4820428999999997e-001
  3.8900000000000000e+003  9.3189723999999996e-001
  3.8950000000000000e+003  1.0529598400000000e+000
  3.9000000000000000e+003  1.0791586300000000e+000
  3.9050000000000000e+003  1.0808977900000001e+000
  3.9100000000000000e+003  1.1722305700000000e+000
  3.9150000000000000e+003  1.1858271300000001e+000
  3.9200000000000000e+003  1.0618694000000000e+000
  3.9250000000000000e+003  8.4900717000000003e-001
  3.9300000000000000e+003  5.5851634999999999e-001
  3.9350000000000000e+003  4.8057129999999998e-001
  3.9400000000000000e+003  7.0600618000000004e-001
  3.9450000000000000e+003  9.6111579000000003e-001
  3.9500000000000000e+003  1.1301112000000000e+000
  3.9550000000000000e+003  1.1500186800000001e+000
  3.9600000000000000e+003  9.4935831999999998e-001
  3.9650000000000000e+003  6.4774995000000002e-001
  3.9700000000000000e+003  5.9119034999999998e-001
  3.9750000000000000e+003  9.0437840000000003e-001
  3.9800000000000000e+003  1.2284624799999999e+000
  3.9850000000000000e+003  1.3682499200000000e+000
  3.9900000000000000e+003  1.4354624800000000e+000
  3.9950000000000000e+003  1.4770082200000001e+000
  4.0000000000000000e+003  1.4822609700000000e+000
  4.0050000000000000e+003  1.4802758000000000e+000
  4.0100000000000000e+003  1.5287114600000000e+000
  4.0150000000000000e+003  1.5799944100000001e+000
  4.0200000000000000e+003  1.6006072200000001e+000
  4.0250000000000000e+003  1.5787605700000000e+000
  4.0300000000000000e+003  1.5128944600000001e+000
  4.0350000000000000e+003  1.5284794600000000e+000
  4.0400000000000000e+003  1.5285158100000000e+000
  4.0450000000000000e+003  1.4619114799999999e+000
  4.0500000000000000e+003  1.4832168299999999e+000
  4.0550000000000000e+003  1.4869865200000001e+000
  4.0600000000000000e+003  1.4258084700000000e+000
  4.0650000000000000e+003  1.4124023999999999e+000
  4.0700000000000000e+003  1.4446105100000000e+000
  4.0750000000000000e+003  1.4644958699999999e+000
  4.0800000000000000e+003  1.4977980799999999e+000
  4.0850000000000000e+003  1.5792132800000001e+000
  4.0900000000000000e+003  1.6266525599999999e+000
  4.0950000000000000e+003  1.5129276700000001e+000
  4.1000000000000000e+003  1.3630648000000001e+000
  4.1050000000000000e+003  1.4081416899999999e+000
  4.1100000000000000e+003  1.5635429400000000e+000
  4.1150000000000000e+003  1.6489842400000001e+000
  4.1200000000000000e+003  1.6457311699999999e+000
  4.1250000000000000e+003  1.6104710000000000e+000
  4.1300000000000000e+003  1.5694230499999999e+000
  4.1350000000000000e+003  1.5884083499999999e+000
  4.1400000000000000e+003  1.6208131200000000e+000
  4.1450000000000000e+003  1.5958015699999999e+000
  4.1500000000000000e+003  1.5771482299999999e+000
  4.1550000000000000e+003  1.5814603100000000e+000
  4.1600000000000000e+003  1.6292946699999999e+000
  4.1650000000000000e+003  1.6474786900000000e+000
  4.1700000000000000e+003  1.5630580400000000e+000
  4.1750000000000000e+003  1.5050087599999999e+000
  4.1800000000000000e+003  1.5162800700000001e+000
  4.1850000000000000e+003  1.5285232300000000e+000
  4.1900000000000000e+003  1.5508772500000001e+000
  4.1950000000000000e+003  1.5277894299999999e+000
  4.2000000000000000e+003  1.4893974800000001e+000
  4.2050000000000000e+003  1.5663960200000000e+000
  4.2100000000000000e+003  1.6372865200000000e+000
  4.2150000000000000e+003  1.6377054200000001e+000
  4.2200000000000000e+003  1.5667818499999999e+000
  4.2250000000000000e+003  1.4596362599999999e+000
  4.2300000000000000e+003  1.4801322299999999e+000
  4.2350000000000000e+003  1.5266189600000000e+000
  4.2400000000000000e+003  1.5504538100000000e+000
  4.2450000000000000e+003  1.5585162699999999e+000
  4.2500000000000000e+003  1.5214212199999999e+000
  4.2550000000000000e+003  1.5015006399999999e+000
  4.2600000000000000e+003  1.5264554200000000e+000
  4.2650000000000000e+003  1.5410134099999999e+000
  4.2700000000000000e+003  1.4520299600000000e+000
  4.2750000000000000e+003  1.4283425500000000e+000
  4.2800000000000000e+003  1.4954825899999999e+000
  4.2850000000000000e+003  1.4605907100000000e+000
  4.2900000000000000e+003  1.3909536000000000e+000
  4.2950000000000000e+003  1.3020717799999999e+000
  4.3000000000000000e+003  1.1440336099999999e+000
  4.3050000000000000e+003  1.0387909200000001e+000
  4.3100000000000000e+003  1.1409445300000001e+000
  4.3150000000000000e+003  1.4682253400000000e+000
  4.3200000000000000e+003  1.6007008700000001e+000
  4.3250000000000000e+003  1.5047353000000001e+000
  4.3300000000000000e+003  1.5802917200000000e+000
  4.3350000000000000e+003  1.5450558800000000e+000
  4.3400000000000000e+003  1.3954101200000000e+000
  4.3450000000000000e+003  1.4916988000000000e+000
  4.3500000000000000e+003  1.5990994900000000e+000
  4.3550000000000000e+003  1.6140660899999999e+000
  4.3600000000000000e+003  1.6825200499999999e+000
  4.3650000000000000e+003  1.7221177599999999e+000
  4.3700000000000000e+003  1.6598882600000000e+000
  4.3750000000000000e+003  1.5914197699999999e+000
  4.3800000000000000e+003  1.5139964800000001e+000
  4.3850000000000000e+003  1.4462622300000001e+000
  4.3900000000000000e+003  1.5215133100000000e+000
  4.3950000000000000e+003  1.6237309000000000e+000
  4.4000000000000000e+003  1.5985982000000001e+000
  4.4050000000000000e+003  1.5784540600000001e+000
  4.4100000000000000e+003  1.6547046900000000e+000
  4.4150000000000000e+003  1.7162996399999999e+000
  4.4200000000000000e+003  1.7542312799999999e+000
  4.4250000000000000e+003  1.7720699200000001e+000
  4.4300000000000000e+003  1.7431633499999999e+000
  4.4350000000000000e+003  1.7264009199999999e+000
  4.4400000000000000e+003  1.7565469300000001e+000
  4.4450000000000000e+003  1.7966798600000000e+000
  4.4500000000000000e+003  1.7676195400000001e+000
  4.4550000000000000e+003  1.6701930300000001e+000
  4.4600000000000000e+003  1.6491912799999999e+000
  4.4650000000000000e+003  1.7187228500000000e+000
  4.4700000000000000e+003  1.8024758100000000e+000
  4.4750000000000000e+003  1.8547462100000001e+000
  4.4800000000000000e+003  1.8438448599999999e+000
  4.4850000000000000e+003  1.8356320699999999e+000
  4.4900000000000000e+003  1.8349508800000001e+000
  4.4950000000000000e+003  1.8439226500000001e+000
  4.5000000000000000e+003  1.8742791400000001e+000
  4.5050000000000000e+003  1.8950320400000000e+000
  4.5100000000000000e+003  1.8777290499999999e+000
  4.5150000000000000e+003  1.8383795800000000e+000
  4.5200000000000000e+003  1.7991432100000000e+000
  4.5250000000000000e+003  1.7196135900000000e+000
  4.5300000000000000e+003  1.6554894000000000e+000
  4.5350000000000000e+003  1.6999890300000000e+000
  4.5400000000000000e+003  1.7773981000000001e+000
  4.5450000000000000e+003  1.7698194599999999e+000
  4.5500000000000000e+003  1.7290061900000000e+000
  4.5550000000000000e+003  1.7592852800000001e+000
  4.5600000000000000e+003  1.8070103099999999e+000
  4.5650000000000000e+003  1.8073503000000000e+000
  4.5700000000000000e+003  1.8181042700000001e+000
  4.5750000000000000e+003  1.8163939400000000e+000
  4.5800000000000000e+003  1.7627072399999999e+000
  4.5850000000000000e+003  1.7404619800000001e+000
  4.5900000000000000e+003  1.7562507599999999e+000
  4.5950000000000000e+003  1.7489186299999999e+000
  4.6000000000000000e+003  1.7467832599999999e+000
  4.6050000000000000e+003  1.7826223200000000e+000
  4.6100000000000000e+003  1.8179082000000000e+000
  4.6150000000000000e+003  1.8235357400000001e+000
  4.6200000000000000e+003  1.8260821599999999e+000
  4.6250000000000000e+003  1.8348459699999999e+000
  4.6300000000000000e+003  1.8260910900000000e+000
  4.6350000000000000e+003  1.7964681199999999e+000
  4.6400000000000000e+003  1.7589477000000000e+000
  4.6450000000000000e+003  1.7311477300000000e+000
  4.6500000000000000e+003  1.7291645899999999e+000
  4.6550000000000000e+003  1.7619445100000000e+000
  4.6600000000000000e+003  1.7686677099999999e+000
  4.6650000000000000e+003  1.7105425900000000e+000
  4.6700000000000000e+003  1.6999959600000001e+000
  4.6750000000000000e+003  1.7409875399999999e+000
  4.6800000000000000e+003  1.7535703100000000e+000
  4.6850000000000000e+003  1.7640724000000001e+000
  4.6900000000000000e+003  1.7755684100000000e+000
  4.6950000000000000e+003  1.7560566200000001e+000
  4.7000000000000000e+003  1.7064274200000000e+000
  4.7050000000000000e+003  1.6831962899999999e+000
  4.7100000000000000e+003  1.7107393300000000e+000
  4.7150000000000000e+003  1.7698875900000000e+000
  4.7200000000000000e+003  1.8261693800000001e+000
  4.7250000000000000e+003  1.8063897600000001e+000
  4.7300000000000000e+003  1.7507212800000000e+000
  4.7350000000000000e+003  1.7562968900000000e+000
  4.7400000000000000e+003  1.7967651000000000e+000
  4.7450000000000000e+003  1.8232389499999999e+000
  4.7500000000000000e+003  1.8129685900000001e+000
  4.7550000000000000e+003  1.7857656200000001e+000
  4.7600000000000000e+003  1.7638624100000000e+000
  4.7650000000000000e+003  1.7507743499999999e+000
  4.7700000000000000e+003  1.7921205600000001e+000
  4.7750000000000000e+003  1.8496918499999999e+000
  4.7800000000000000e+003  1.8501823900000001e+000
  4.7850000000000000e+003  1.8143318600000000e+000
  4.7900000000000000e+003  1.8177813500000000e+000
  4.7950000000000000e+003  1.8489999100000001e+000
  4.8000000000000000e+003  1.8390814400000000e+000
  4.8050000000000000e+003  1.8198043399999999e+000
  4.8100000000000000e+003  1.8310086800000001e+000
  4.8150000000000000e+003  1.8558294500000001e+000
  4.8200000000000000e+003  1.8530156799999999e+000
  4.8250000000000000e+003  1.8236066200000001e+000
  4.8300000000000000e+003  1.8144075300000000e+000
  4.8350000000000000e+003  1.8058489099999999e+000
  4.8400000000000000e+003  1.7865670800000000e+000
  4.8450000000000000e+003  1.7889124599999999e+000
  4.8500000000000000e+003  1.7591083500000000e+000
  4.8550000000000000e+003  1.6002830100000001e+000
  4.8600000000000000e+003  1.4451382900000000e+000
  4.8650000000000000e+003  1.4860429200000000e+000
  4.8700000000000000e+003  1.5982650199999999e+000
  4.8750000000000000e+003  1.6759319100000001e+000
  4.8800000000000000e+003  1.7248252700000000e+000
  4.8850000000000000e+003  1.6923067000000001e+000
  4.8900000000000000e+003  1.6848698400000000e+000
  4.8950000000000000e+003  1.7715400800000001e+000
  4.9000000000000000e+003  1.8202825499999999e+000
  4.9050000000000000e+003  1.7908679400000000e+000
  4.9100000000000000e+003  1.7615183900000000e+000
  4.9150000000000000e+003  1.7138338900000001e+000
  4.9200000000000000e+003  1.6542762499999999e+000
  4.9250000000000000e+003  1.7055152099999999e+000
  4.9300000000000000e+003  1.7722731700000001e+000
  4.9350000000000000e+003  1.7476415599999999e+000
  4.9400000000000000e+003  1.7552005700000000e+000
  4.9450000000000000e+003  1.8182408200000000e+000
  4.9500000000000000e+003  1.8242468700000001e+000
  4.9550000000000000e+003  1.7790358600000000e+000
  4.9600000000000000e+003  1.7778391499999999e+000
  4.9650000000000000e+003  1.7973868300000000e+000
  4.9700000000000000e+003  1.8063555800000000e+000
  4.9750000000000000e+003  1.7968456300000000e+000
  4.9800000000000000e+003  1.7305048500000000e+000
  4.9850000000000000e+003  1.7016544000000000e+000
  4.9900000000000000e+003  1.7600403000000000e+000
  4.9950000000000000e+003  1.7820018200000001e+000
  5.0000000000000000e+003  1.7282504900000000e+000
  5.0050000000000000e+003  1.6871660200000000e+000
  5.0100000000000000e+003  1.6769686100000001e+000
  5.0150000000000000e+003  1.6612354600000001e+000
  5.0200000000000000e+003  1.6769958400000000e+000
  5.0250000000000000e+003  1.7266932500000001e+000
  5.0300000000000000e+003  1.7615473900000000e+000
  5.0350000000000000e+003  1.7294740000000000e+000
  5.0400000000000000e+003  1.6940334500000001e+000
  5.0450000000000000e+003  1.7291618700000000e+000
  5.0500000000000000e+003  1.7664582099999999e+000
  5.0550000000000000e+003  1.8105265399999999e+000
  5.0600000000000000e+003  1.8309774100000000e+000
  5.0650000000000000e+003  1.7944400899999999e+000
  5.0700000000000000e+003  1.7723066999999999e+000
  5.0750000000000000e+003  1.7411141699999999e+000
  5.0800000000000000e+003  1.7140964200000000e+000
  5.0850000000000000e+003  1.7611009799999999e+000
  5.0900000000000000e+003  1.8124198499999999e+000
  5.0950000000000000e+003  1.7910951799999999e+000
  5.1000000000000000e+003  1.7548201200000000e+000
  5.1050000000000000e+003  1.7549772100000001e+000
  5.1100000000000000e+003  1.7760955400000000e+000
  5.1150000000000000e+003  1.8090254600000000e+000
  5.1200000000000000e+003  1.7905041300000000e+000
  5.1250000000000000e+003  1.7276166300000000e+000
  5.1300000000000000e+003  1.7149622499999999e+000
  5.1350000000000000e+003  1.7101210899999999e+000
  5.1400000000000000e+003  1.6819864800000000e+000
  5.1450000000000000e+003  1.6878792300000001e+000
  5.1500000000000000e+003  1.7129116700000000e+000
  5.1550000000000000e+003  1.7345436100000000e+000
  5.1600000000000000e+003  1.6915956800000000e+000
  5.1650000000000000e+003  1.5323290800000000e+000
  5.1700000000000000e+003  1.4445423500000001e+000
  5.1750000000000000e+003  1.5344415199999999e+000
  5.1800000000000000e+003  1.5733260400000000e+000
  5.1850000000000000e+003  1.5463113300000000e+000
  5.1900000000000000e+003  1.6095424000000000e+000
  5.1950000000000000e+003  1.6848981100000000e+000
  5.2000000000000000e+003  1.7084743499999999e+000
  5.2050000000000000e+003  1.7003337000000001e+000
  5.2100000000000000e+003  1.7087788500000001e+000
  5.2150000000000000e+003  1.7478024700000001e+000
  5.2200000000000000e+003  1.7472766200000001e+000
  5.2250000000000000e+003  1.6951708999999999e+000
  5.2300000000000000e+003  1.6776660200000000e+000
  5.2350000000000000e+003  1.7283063599999999e+000
  5.2400000000000000e+003  1.7861028299999999e+000
  5.2450000000000000e+003  1.7900555800000000e+000
  5.2500000000000000e+003  1.7622774699999999e+000
  5.2550000000000000e+003  1.7581297199999999e+000
  5.2600000000000000e+003  1.7038826100000000e+000
  5.2650000000000000e+003  1.5791808100000000e+000
  5.2700000000000000e+003  1.5563942200000001e+000
  5.2750000000000000e+003  1.6605145200000000e+000
  5.2800000000000000e+003  1.7401923200000000e+000
  5.2850000000000000e+003  1.7878332200000000e+000
  5.2900000000000000e+003  1.8267881600000000e+000
  5.2950000000000000e+003  1.7996074700000000e+000
  5.3000000000000000e+003  1.7744013700000001e+000
  5.3050000000000000e+003  1.8179170899999999e+000
  5.3100000000000000e+003  1.8458081900000001e+000
  5.3150000000000000e+003  1.8236665900000000e+000
  5.3200000000000000e+003  1.7655406000000000e+000
  5.3250000000000000e+003  1.6872383200000001e+000
  5.3300000000000000e+003  1.6878625500000000e+000
  5.3350000000000000e+003  1.7410574200000000e+000
  5.3400000000000000e+003  1.7465260100000000e+000
  5.3450000000000000e+003  1.7487676400000001e+000
  5.3500000000000000e+003  1.7809655499999999e+000
  5.3550000000000000e+003  1.8213201000000001e+000
  5.3600000000000000e+003  1.8097143899999999e+000
  5.3650000000000000e+003  1.7278951800000000e+000
  5.3700000000000000e+003  1.6923019600000000e+000
  5.3750000000000000e+003  1.7376586700000001e+000
  5.3800000000000000e+003  1.7659348500000001e+000
  5.3850000000000000e+003  1.7559890499999999e+000
  5.3900000000000000e+003  1.7280444600000000e+000
  5.3950000000000000e+003  1.6977837099999999e+000
  5.4000000000000000e+003  1.6701329000000000e+000
  5.4050000000000000e+003  1.6466999600000001e+000
  5.4100000000000000e+003  1.6713023000000000e+000
  5.4150000000000000e+003  1.7242955499999999e+000
  5.4200000000000000e+003  1.7489882299999999e+000
  5.4250000000000000e+003  1.7398580500000000e+000
  5.4300000000000000e+003  1.7248527600000001e+000
  5.4350000000000000e+003  1.7512351600000000e+000
  5.4400000000000000e+003  1.7830188800000000e+000
  5.4450000000000000e+003  1.7748359100000000e+000
  5.4500000000000000e+003  1.7671164800000001e+000
  5.4550000000000000e+003  1.7656253099999999e+000
  5.4600000000000000e+003  1.7640306100000001e+000
  5.4650000000000000e+003  1.7642174300000000e+000
  5.4700000000000000e+003  1.7511592199999999e+000
  5.4750000000000000e+003  1.7194267900000000e+000
  5.4800000000000000e+003  1.7164622800000000e+000
  5.4850000000000000e+003  1.7481710500000001e+000
  5.4900000000000000e+003  1.7617791199999999e+000
  5.4950000000000000e+003  1.7602277300000000e+000
  5.5000000000000000e+003  1.7539286300000001e+000
  5.5050000000000000e+003  1.7422508000000001e+000
  5.5100000000000000e+003  1.7365749200000000e+000
  5.5150000000000000e+003  1.7511660000000000e+000
  5.5200000000000000e+003  1.7635026600000001e+000
  5.5250000000000000e+003  1.7405891200000001e+000
  5.5300000000000000e+003  1.7215489700000000e+000
  5.5350000000000000e+003  1.7394532100000000e+000
  5.5400000000000000e+003  1.7601489600000000e+000
  5.5450000000000000e+003  1.7707720800000000e+000
  5.5500000000000000e+003  1.7744474699999999e+000
  5.5550000000000000e+003  1.7608636099999999e+000
  5.5600000000000000e+003  1.7388817000000001e+000
  5.5650000000000000e+003  1.7126463500000000e+000
  5.5700000000000000e+003  1.6982018100000000e+000
  5.5750000000000000e+003  1.7161978700000000e+000
  5.5800000000000000e+003  1.7243239400000001e+000
  5.5850000000000000e+003  1.6849882800000000e+000
  5.5900000000000000e+003  1.6589818800000000e+000
  5.5950000000000000e+003  1.6718731300000000e+000
  5.6000000000000000e+003  1.6920863900000001e+000
  5.6050000000000000e+003  1.7388822200000000e+000
  5.6100000000000000e+003  1.7528630999999999e+000
  5.6150000000000000e+003  1.7152967900000000e+000
  5.6200000000000000e+003  1.7109590800000001e+000
  5.6250000000000000e+003  1.7366702100000000e+000
  5.6300000000000000e+003  1.7566290600000001e+000
  5.6350000000000000e+003  1.7465238999999999e+000
  5.6400000000000000e+003  1.7337247899999999e+000
  5.6450000000000000e+003  1.7451690300000000e+000
  5.6500000000000000e+003  1.7392610500000001e+000
  5.6550000000000000e+003  1.7051873500000001e+000
  5.6600000000000000e+003  1.6932287900000000e+000
  5.6650000000000000e+003  1.7262258500000001e+000
  5.6700000000000000e+003  1.7626538199999999e+000
  5.6750000000000000e+003  1.7709838899999999e+000
  5.6800000000000000e+003  1.7466538700000001e+000
  5.6850000000000000e+003  1.7197898199999999e+000
  5.6900000000000000e+003  1.7279698500000000e+000
  5.6950000000000000e+003  1.7433122900000000e+000
  5.7000000000000000e+003  1.7282185500000000e+000
  5.7050000000000000e+003  1.6858763600000000e+000
  5.7100000000000000e+003  1.6670609700000001e+000
  5.7150000000000000e+003  1.7124567500000001e+000
  5.7200000000000000e+003  1.7671302799999999e+000
  5.7250000000000000e+003  1.7836887900000000e+000
  5.7300000000000000e+003  1.7803546299999999e+000
  5.7350000000000000e+003  1.7777037400000000e+000
  5.7400000000000000e+003  1.7748748900000000e+000
  5.7450000000000000e+003  1.7616292200000001e+000
  5.7500000000000000e+003  1.7363404300000000e+000
  5.7550000000000000e+003  1.7200972100000000e+000
  5.7600000000000000e+003  1.7298857500000000e+000
  5.7650000000000000e+003  1.7503684900000001e+000
  5.7700000000000000e+003  1.7601613000000000e+000
  5.7750000000000000e+003  1.7463585100000001e+000
  5.7800000000000000e+003  1.7152738199999999e+000
  5.7850000000000000e+003  1.7007877199999999e+000
  5.7900000000000000e+003  1.7173265300000000e+000
  5.7950000000000000e+003  1.7376060300000000e+000
  5.8000000000000000e+003  1.7413107000000001e+000
  5.8050000000000000e+003  1.7374447099999999e+000
  5.8100000000000000e+003  1.7393957900000001e+000
  5.8150000000000000e+003  1.7475963500000000e+000
  5.8200000000000000e+003  1.7615523000000000e+000
  5.8250000000000000e+003  1.7713432700000000e+000
  5.8300000000000000e+003  1.7691855500000000e+000
  5.8350000000000000e+003  1.7667025500000000e+000
  5.8400000000000000e+003  1.7688619200000000e+000
  5.8450000000000000e+003  1.7635431100000001e+000
  5.8500000000000000e+003  1.7377871199999999e+000
  5.8550000000000000e+003  1.7019693100000000e+000
  5.8600000000000000e+003  1.6936482300000000e+000
  5.8650000000000000e+003  1.7195328200000000e+000
  5.8700000000000000e+003  1.7436454800000001e+000
  5.8750000000000000e+003  1.7482142300000001e+000
  5.8800000000000000e+003  1.7355996300000001e+000
  5.8850000000000000e+003  1.6562235500000000e+000
  5.8900000000000000e+003  1.5403770900000000e+000
  5.8950000000000000e+003  1.5422267999999999e+000
  5.9000000000000000e+003  1.6371787900000001e+000
  5.9050000000000000e+003  1.6970817400000000e+000
  5.9100000000000000e+003  1.7030184399999999e+000
  5.9150000000000000e+003  1.6958945100000000e+000
  5.9200000000000000e+003  1.7072840800000000e+000
  5.9250000000000000e+003  1.7103866999999999e+000
  5.9300000000000000e+003  1.6997016100000000e+000
  5.9350000000000000e+003  1.7052640900000000e+000
  5.9400000000000000e+003  1.7112292000000000e+000
  5.9450000000000000e+003  1.6986467900000000e+000
  5.9500000000000000e+003  1.6881343099999999e+000
  5.9550000000000000e+003  1.6973005600000000e+000
  5.9600000000000000e+003  1.7123970700000000e+000
  5.9650000000000000e+003  1.7191614500000001e+000
  5.9700000000000000e+003  1.7112674800000001e+000
  5.9750000000000000e+003  1.6938183499999999e+000
  5.9800000000000000e+003  1.6753409399999999e+000
  5.9850000000000000e+003  1.6638214300000000e+000
  5.9900000000000000e+003  1.6730069999999999e+000
  5.9950000000000000e+003  1.6790089500000001e+000
  6.0000000000000000e+003  1.6659218200000001e+000
